 学硕-计科 391 274.92 82.23 
 学硕-计科 393 263.36 81.36
 学硕-计科 385 272.41 81.14 
 学硕-计科 385 265.11 80.41 
 学硕-计科 380 271.3 80.33 
 学硕-计科 379 267.71 79.83 
 学硕-计科 374 265.11 78.87 
 学硕-计科 370 263.43 78.14 
 学硕-计科 374 254.5 77.81 
 学硕-计科 373 249.29 77.15 
 学硕-计科 367 257.47 77.13 
 学硕-计科 361 265.7 77.11 
 学硕-计科 354 270.14 76.57 
 学硕-计科 356 266.79 76.52 
 学硕-计科 355 266.36 76.34 
 学硕-计科 342 274.08 75.29 
 学硕-计科 356 253.85 75.23 
 学硕-计科 363 243.59 75.18 
 学硕-计科 360 246.27 75.03 
 学硕-计科 350 259.34 74.93 
 学硕-计科 354 253.31 74.89 
 学硕-计科 346 263.43 74.78 
 学硕-计科 350 256.72 74.67 
 学硕-计科 345 261.75 74.48 
 学硕-计科 343 261.75 74.2 
 学硕-计科 353 243.31 73.75 
 学硕-计科 346 252.3 73.67 
 学硕-计科 344 255.04 73.66 
 学硕-计科 348 249.24 73.64 
 学硕-计科 341 257.47 73.49 
 学硕-软工 379 271.67 80.23 
 学硕-软工 382 252.83 78.76 
 学硕-软工 361 262.5 76.79 
 学硕-软工 358 260.15 76.14 
 学硕-软工 360 248.34 75.23 
 学硕-软工 353 255.8 75 
 学硕-软工 354 253.56 74.92 
 学硕-软工 354 247.38 74.3 
 学硕-软工 350 250.27 74.03 
 学硕-软工 352 247.38 74.02 
 学硕-软工 341 257.56 73.5 
 学硕-软工 343 247.7 72.79 
 学硕-软工 343 245.33 72.55 
 学硕-软工 347 236.74 72.25 
 学硕-软工 333 250.58 71.68 
 学硕-软工 327 242.04 69.98 
 学硕-软工 328 239.92 69.91 
 学硕-网安 387 269.25 81.11 
 学硕-网安 391 253.48 80.09 
 学硕-网安 377 253.06 78.09 
 学硕-网安 371 247.21 76.66 
 学硕-网安 365 244.9 75.59 
 学硕-网安 343 262.94 74.31 
 学硕-网安 344 259.4 74.1 
 学硕-网安 341 259.4 73.68 
 学硕-网安 343 254.42 73.46 
 学硕-网安 344 251.17 73.28 
 学硕-网安 347 246.26 73.21 
 学硕-网安 332 263.71 72.85 
 学硕-网安 339 253.06 72.77 
 学硕-网安 345 240.8 72.38 
 学硕-网安 351 232.29 72.37 
 学硕-网安 334 252.38 72 
 学硕-网安 336 249.19 71.96 
 学硕-网安 326 261.73 71.81
 学硕-网安 336 234.77 70.52
 学硕-网安 327 245.23 70.30
 学硕-网安 329 226.56 68.72
专硕-电子信息 410 274.25 84.83 
专硕-电子信息 409 271.82 84.44 
专硕-电子信息 406 275.15 84.36 
专硕-电子信息 412 265.06 84.19 
专硕-电子信息 408 267.3 83.85 
专硕-电子信息 408 262.23 83.34 
专硕-电子信息 389 288.66 83.33 
专硕-电子信息 400 264.08 82.41 
专硕-电子信息 400 263.19 82.32 
专硕-电子信息 399 262.76 82.14 
专硕-电子信息 396 266.38 82.08 
专硕-电子信息 390 273.14 81.91 
专硕-电子信息 397 259.04 81.48 
专硕-电子信息 389 266.56 81.12 
专硕-电子信息 385 271.94 81.09 
专硕-电子信息 387 267.57 80.94 
专硕-电子信息 392 258.48 80.73 
专硕-电子信息 393 256.51 80.67 
专硕-电子信息 385 267.41 80.64 
专硕-电子信息 385 264.14 80.31 
专硕-电子信息 391 254.54 80.9 
专硕-电子信息 390 253.99 80 
专硕-电子信息 382 261.3 79.61 
专硕-电子信息 376 268.43 79.48 
专硕-电子信息 384 256.83 79.44 
专硕-电子信息 380 260.8 79.28 
专硕-电子信息 381 256.2 78.96 
专硕-电子信息 375 263.78 78.88 
专硕-电子信息 373 265.38 78.76 
专硕-电子信息 371 267.62 78.7 
专硕-电子信息 383 250.6 78.68 
专硕-电子信息 380 252.89 78.49 
专硕-电子信息 375 259.8 78.48 
专硕-电子信息 385 244.49 78.35 
专硕-电子信息 365 272.23 78.32 
专硕-电子信息 374 259.48 78.31 
专硕-电子信息 396 228.09 78.25 
专硕-电子信息 376 253.68 78.01 
专硕-电子信息 362 273.23 78 
专硕-电子信息 373 257.69 77.99 
专硕-电子信息 364 270.32 77.99 
专硕-电子信息 382 244.51 77.93 
专硕-电子信息 366 266.94 77.93 
专硕-电子信息 387 237.11 77.89 
专硕-电子信息 369 259.86 77.65 
专硕-电子信息 380 244.27 77.63 
专硕-电子信息 376 249.73 77.61 
专硕-电子信息 376 249.28 77.57 
专硕-电子信息 358 273.58 77.48 
专硕-电子信息 364 265.09 77.47 
专硕-电子信息 375 248.65 77.37 
专硕-电子信息 365 261.24 77.22 
专硕-电子信息 376 244.81 77.12 
专硕-电子信息 378 241.05 77.03 
专硕-电子信息 372 248.92 76.97 
专硕-电子信息 362 262.45 76.93 
专硕-电子信息 371 249.88 76.93 
专硕-电子信息 367 254.29 76.81 
专硕-电子信息 364 257.17 76.68 
专硕-电子信息 368 251.63 76.68 
专硕-电子信息 363 258.1 76.63 
专硕-电子信息 363 258 76.62 
专硕-电子信息 361 260.65 76.61 
专硕-电子信息 358 263.44 76.46 
专硕-电子信息 370 246.29 76.43 
专硕-电子信息 373 241.33 76.35 
专硕-电子信息 370 245.33 76.33 
专硕-电子信息 362 256.51 76.33 
专硕-电子信息 359 258.67 76.13 
专硕-电子信息 355 263.53 76.05 
专硕-电子信息 369 243.23 75.98 
专硕-电子信息 361 253.99 75.94 
专硕-电子信息 364 249.56 75.92 
专硕-电子信息 358 257.83 75.9 
专硕-电子信息 361 253.04 75.84 
专硕-电子信息 346 273.58 75.8 
专硕-电子信息 361 252.3 75.77 
专硕-电子信息 351 265.38 75.68 
专硕-电子信息 360 250.9 75.49 
专硕-电子信息 354 258.08 75.37
专硕-电子信息 367 237.04 75.08
专硕-电子信息 351 258.82 75.02
专硕-电子信息 372 229.23 75.00