1 102873211611393 夏润泽 计算机科学与技术 68 83 122 124 397
2 102873211607043 魏晓蕾 计算机科学与技术 69 78 117 131 395 
3 102873211603065 杜国梁 计算机科学与技术 68 75 116 126 385 
4 102873211612151 李静 计算机科学与技术 69 69 127 118 383 
5 102873211603059 陈琳 计算机科学与技术 59 66 133 123 381 
6 102873211608171 周建豪 计算机科学与技术 64 68 129 119 380 
7 102873211608749 谢煜 计算机科学与技术 62 68 125 122 377 
8 102873211611514 张恒鑫 计算机科学与技术 77 76 111 112 376 
9 102873211607198 高非凡 计算机科学与技术 61 76 123 113 373 
10 102873211603142 左智 计算机科学与技术 65 69 123 116 373 
11 102873211603067 樊定伟 计算机科学与技术 66 69 113 123 371 
12 102873211603062 戴嘉磊 计算机科学与技术 65 67 117 122 371 
13 102873211603114 卫广宇 计算机科学与技术 65 81 109 114 369 
14 102873211603060 陈彦彤 计算机科学与技术 66 78 116 108 368 
15 102873211603120 徐文浩 计算机科学与技术 71 85 109 103 368 
16 102873211612906 聂俊琼 计算机科学与技术 64 67 114 123 368 
17 102873211608621 郭泽凯 计算机科学与技术 68 60 112 128 368 
18 102873211610479 曹聪慧 计算机科学与技术 63 63 126 115 367 
19 102873211613897 武琪鸿 计算机科学与技术 62 67 115 123 367 
20 102873211603127 袁同 计算机科学与技术 71 67 116 109 363 
21 102873211603115 文代霖 计算机科学与技术 74 81 82 125 362 
22 102873211603101 孙克毅 计算机科学与技术 69 57 116 117 359 
23 102873211603095 祁欣玥 计算机科学与技术 59 76 128 95 358 
24 102873211609973 陈嘉 计算机科学与技术 65 82 105 106 358 
25 102873211613457 钟磊 计算机科学与技术 71 61 115 109 356 
26 102873211603126 于泽星 计算机科学与技术 64 60 117 114 355 
27 102873211606462 韩逸轩 计算机科学与技术 68 73 97 115 353 
28 102873211609908 盛昱淞 计算机科学与技术 66 70 95 121 352 
29 102873211608331 李政 计算机科学与技术 62 71 109 110 352 
30 102873211609903 陈子琦 计算机科学与技术 59 77 92 124 352 
31 102873211611184 赵龙 计算机科学与技术 58 69 117 108 352  
32 102873211613975 聂华 计算机科学与技术 62 49 114 126 351 
33 102873211603111 王一鹏 计算机科学与技术 58 65 114 113 350 
34 102873211607730 黄涵 计算机科学与技术 66 55 108 120 349 
35 102873211603066 段超群 计算机科学与技术 55 58 124 111 348 
36 102873211603124 杨静雯 计算机科学与技术 67 71 93 117 348 
37 102873211606673 黄泓钦 计算机科学与技术 69 76 116 87 348 
38 102873211611609 迟怀朔 计算机科学与技术 58 46 128 116 348 
39 102873211603116 吴义涛 计算机科学与技术 75 76 90 107 348 
40 102873211604374 冯久鲁 软件工程 72 84 123 115 394 
41 102873211603185 周康祺 软件工程 76 76 111 131 394 
42 102873211609084 刘勇 软件工程 69 59 126 125 379 
43 102873211614031 贾淑娴 软件工程 69 69 118 123 379 
44 102873211609912 彭逸 软件工程 62 74 111 131 378 
45 102873211603159 罗撼 软件工程 74 80 119 103 376 
46 102873211607395 顾建成 软件工程 67 57 125 125 374 
47 102873211603178 余苏洁 软件工程 68 75 114 112 369 
48 102873211608628 胡子健 软件工程 64 74 122 103 363 
49 102873211603168 吴盛杰 软件工程 62 78 103 119 362 
50 102873211605221 柴星宇 软件工程 61 59 130 110 360 
51 102873211608173 唐泓灿 软件工程 62 79 93 126 360 
52 102873211603156 吕桂州 软件工程 60 66 119 115 360 
53 102873211605637 丁雅楠 软件工程 66 62 113 118 359 
54 102873211611188 王晨 软件工程 62 69 104 123 358 
55 102873211607738 郑逸凡 软件工程 63 78 107 108 356 
56 102873211607047 李春奇 软件工程 74 76 101 102 353 
57 102873211610596 胡子鑫 软件工程 63 64 110 115 352 
58 102873211603177 余晴霞 软件工程 68 70 110 101 349 
59 102873211603154 刘琮浩 软件工程 70 61 90 127 348 
60 102873211607046 姜志豪 软件工程 65 64 103 115 347 
61 102873211612223 潘世峰 软件工程 65 50 106 126 347 
62 102873211604344 贾一凡 软件工程 58 68 98 121 345 
63 102873211610190 陶靖 网络空间安全 69 74 123 117 383
64 102873211603207 李承锦 网络空间安全 64 67 127 124 382 
65 102873211608633 李世杰 网络空间安全 64 76 116 125 381 
66 102873211603198 伏超 网络空间安全 67 66 105 133 371 
67 102873211609913 孙诚杰 网络空间安全 64 81 114 112 371 
68 102873211609463 程慧 网络空间安全 60 59 141 110 370 
69 102873211603225 谢畅 网络空间安全 68 79 99 122 368 
70 102873211603214 刘智博 网络空间安全 70 86 97 112 365 
71 102873211614803 董泽华 网络空间安全 69 70 110 112 361 
72 102873211607204 薛峰 网络空间安全 66 46 130 118 360 
73 102873211603233 张宗耀 网络空间安全 66 67 93 132 358 
74 102873211603231 张田 网络空间安全 68 72 98 117 355 
75 102873211603205 焦金辉 网络空间安全 60 65 128 98 351 
76 102873211603224 王浩楠 网络空间安全 66 68 102 111 347 
77 102873211611191 赵胜民 网络空间安全 66 65 111 102 344 
78 102873211608177 虞新 网络空间安全 58 69 106 105 338 
79 102873211603202 黄超君 网络空间安全 70 68 86 113 337 
80 102873211607554 焦镜棉 网络空间安全 62 56 112 106 336 
81 102873211608338 周守辰 网络空间安全 62 76 82 115 335 
82 102873211603220 尚进 网络空间安全 59 66 108 99 332 
83 102873211608639 周瑜遐 网络空间安全 63 65 94 108 330 
84 102873211607746 宋晨阳 电子信息 73 71 144 124 412 
85 102873211603256 崔征 电子信息 63 85 146 115 409 
86 102873211603389 汪泠洁 电子信息 65 80 137 122 404 
87 102873211603467 张良远 电子信息 69 72 133 129 403 
88 102873211604377 薛保 电子信息 70 65 142 120 397 
89 102873211604444 赵江浩 电子信息 62 73 131 130 396 
90 102873211607406 李威 电子信息 72 69 144 110 395 
91 102873211613098 鄢力炜 电子信息 54 83 125 133 395 
92 102873211603455 袁宁 电子信息 62 85 121 126 394 
93 102873211603301 黄汇川 电子信息 73 77 133 111 394 
94 102873211611405 季群 电子信息 66 74 125 129 394
95 102873211606472 李飞 电子信息 71 61 146 116 394 
96 102873211612428 王硕 电子信息 64 77 126 127 394 
97 102873211603398 王路航 电子信息 66 53 149 125 393 
98 102873211603463 张嘉雯 电子信息 71 74 137 109 391 
99 102873211603391 王百昶 电子信息 66 79 121 124 390 
100 102873211603255 崔鸿飞 电子信息 64 67 132 127 390 
101 102873211603459 张伯洋 电子信息 71 81 113 124 389 
102 102873211603264 董静怡 电子信息 67 79 132 111 389 
103 102873211613932 贾潘 电子信息 69 72 116 132 389 
104 102873211607413 邢淼林 电子信息 67 76 127 118 388 
105 102873211603353 孟祥熙 电子信息 68 72 129 119 388 
106 102873211603419 韦金呈 电子信息 66 76 133 112 387 
107 102873211607207 奴成昊 电子信息 68 82 110 126 386 
108 102873211603349 陆炜 电子信息 70 77 122 117 386 
109 102873211603251 陈正坤 电子信息 60 84 122 120 386 
110 102873211607963 王迁仟 电子信息 67 73 114 132 386 
111 102873211614212 王子豪 电子信息 66 76 117 126 385 
112 102873211603465 张李明 电子信息 66 59 135 123 383 
113 102873211605477 夏博伟 电子信息 66 70 126 119 381 
114 102873211605591 王康 电子信息 56 59 140 126 381 
115 102873211603490 周敏 电子信息 72 77 116 115 380 
116 102873211613349 陈科为 电子信息 67 76 120 117 380 
117 102873211603448 姚林宇 电子信息 61 74 128 117 380 
118 102873211603239 曹炜 电子信息 65 80 128 107 380 
119 102873211607209 叶冰青 电子信息 64 77 121 117 379 
120 102873211611411 马德耀 电子信息 62 63 141 113 379 
121 102873211606004 魏祥麒 电子信息 63 84 116 115 378 
122 102873211607411 王越 电子信息 76 67 120 115 378 
123 102873211603341 刘天翼 电子信息 72 73 122 111 378 
124 102873211603442 杨成峰 电子信息 66 63 131 117 377
125 102873211607055 李浩然 电子信息 63 56 139 119 377
126 102873211607401 戴礼 电子信息 70 65 127 114 376 
127 102873211605283 宋江江 电子信息 68 62 129 117 376 
128 102873211613277 刘淼 电子信息 68 64 130 114 376 
129 102873211613571 陈仁杰 电子信息 71 70 119 115 375 
130 102873211603336 刘畅 电子信息 62 72 132 109 375 
131 102873211607562 朱雨轩 电子信息 62 56 138 119 375 
132 102873211608644 李立涵 电子信息 57 73 121 124 375 
133 102873211603312 蒋超逸 电子信息 67 78 118 111 374 
134 102873211603295 胡思敏 电子信息 64 74 123 113 374 
135 102873211613096 胡硕帆 电子信息 66 55 140 113 374 
136 102873211603321 李林波 电子信息 59 57 132 126 374 
137 102873211603241 柴锐铭 电子信息 61 72 124 115 372 
138 102873211609293 阳辉 电子信息 67 71 145 89 372 
139 102873211603305 黄子文 电子信息 66 67 126 112 371 
140 102873211607560 闫凌维 电子信息 64 70 133 103 370 
141 102873211610605 王莉艳 电子信息 72 76 109 113 370 
142 102873211603396 王静怡 电子信息 66 66 123 114 369 
144 102873211607558 祁明宇 电子信息 60 72 118 119 369
145 102873211614527 尹明星 电子信息 69 75 122 103 369 
146 102873211605384 赵旭佳 电子信息 64 60 139 106 369 
147 102873211603454 俞锋 电子信息 64 66 124 115 369 
148 102873211603328 李阳 电子信息 60 40 148 121 369 
149 102873211612969 杨照辉 电子信息 75 67 102 124 368 
150 102873211609152 汪明虎 电子信息 63 76 122 107 368 
151 102873211611421 朱新佳 电子信息 65 62 139 102 368 
152 102873211603358 潘哲汶 电子信息 68 65 114 120 367 
153 102873211603288 郝航 电子信息 67 68 119 113 367 
154 102873211609582 宋昕怡 电子信息 62 68 114 123 367 
155 102873211609917 胡棋 电子信息 57 49 139 122 367   
156 102873211603378 孙文龙 电子信息 64 69 124 110 367 
157 102873211603242 陈洪放 电子信息 56 86 119 106 367 
158 102873211610607 周纯杰 电子信息 64 57 128 118 367 
159 102873211603375 宿瑞贤 电子信息 58 62 140 107 367 
160 102873211613723 杨淇麟 电子信息 65 74 120 108 367 
161 102873211614108 余鑫龙 电子信息 64 67 119 116 366 
162 102873211603474 张媛 电子信息 56 73 139 98 366 
163 102873211611418 于泳波 电子信息 63 72 129 101 365 
164 102873211605922 赵圣威 电子信息 69 71 115 110 365 
165 102873211608193 张珍奇 电子信息 55 67 125 117 364 
166 102873211603357 牛荣兵 电子信息 65 64 127 108 364 
167 102873211610821 丁阳 电子信息 68 79 118 99 364 
168 102873211612610 张严鑫 电子信息 68 78 104 114 364 
169 102873211608344 阙永轲 电子信息 68 75 117 104 364 
170 102873211603404 王思源 电子信息 69 65 115 114 363 
171 102873211609916 韩冰 电子信息 65 59 116 123 363 
172 102873211612309 郭慧 电子信息 61 69 127 105 362 
173 102873211613884 马祎凡 电子信息 67 69 122 104 362 
174 102873211605006 斯一恒 电子信息 62 63 118 119 362 
175 102873211605152 鞠国梁 电子信息 57 59 123 123 362 
176 102873211606869 高嘉乐 电子信息 66 70 126 100 362 
177 102873211605402 杨鸣 电子信息 67 61 122 112 362 
178 102873211607414 杨子涵 电子信息 68 68 104 122 362 
179 102873211610604 阮丹丹 电子信息 73 67 127 94 361 
180 102873211603384 陶明锦 电子信息 64 62 121 114 361 
181 102873211603344 刘岩波 电子信息 67 64 119 111 361 
182 102873211603273 冯淑英 电子信息 60 63 121 117 361 
183 102873211606872 沈一宇 电子信息 62 74 120 105 361 
184 102873211604304 海洋彬 电子信息 64 56 115 126 361 
185 102873211603276 甘启明 电子信息 63 71 118 108 360 
186 102873211606874 谭永杰 电子信息 73 64 113 110 360   
187 102873211608905 毛耀佳 电子信息 66 57 125 112 360 
188 102873211603248 陈文心 电子信息 71 64 122 103 360
189 102873211611198 黄兴业 电子信息 74 81 89 116 360 
190 102873211607745 刘子涵 电子信息 71 76 130 82 359 
191 102873211608345 汪琳茜 电子信息 65 64 114 116 359 
192 102873211603280 高星宇 电子信息 52 66 128 113 359 
193 102873211611021 傅家洲 电子信息 60 60 132 107 359 
194 102873211603277 高杰 电子信息 64 75 121 98 358 
195 102873211603426 吴硕 电子信息 59 61 138 100 358 
196 102873211603502 朱垚霖 电子信息 62 70 110 116 358 
197 102873211603259 邓玄 电子信息 66 61 113 118 358 
198 102873211608187 邵燕 电子信息 64 52 113 129 358 
199 102873211609467 疏忠庆 电子信息 64 69 111 114 358 
200 102873211607404 冯明月 电子信息 63 68 109 117 357 
201 102873211608964 林璋廷 电子信息 51 72 129 105 357 
202 102873211605819 罗励然 电子信息 56 78 106 116 356 
203 102873211603315 金浩然 电子信息 60 60 137 99 356 
204 102873211603445 杨鑫 电子信息 69 79 94 114 356 
205 102873211606875 王晟鸣 电子信息 59 67 128 101 355 
206 102873211603450 叶芳华 电子信息 65 80 96 114 355   
208 102873211603309 江蕙 电子信息 68 88 91 107 354 
209 102873211609330 郭文心 电子信息 68 79 102 105 354 
210 102873211603261 丁浩健 电子信息 67 65 123 99 354 