学硕-计科 380 263.97 82
学硕-计科 385 259.96 81.83 
学硕-计科 397 248.34 81.09 
学硕-计科 395 248.15 80.86 
学硕-计科 381 255.61 80.7 
学硕-计科 371 252.19 79.13 
学硕-计科 368 253.61 79.07 
学硕-计科 368 251.8 78.77 
学硕-计科 367 251.96 78.69 
学硕-计科 383 238.83 78.11 
学硕-计科 368 247.32 78.02 
学硕-计科 377 241.45 77.94 
学硕-计科 363 246.87 77.45 
学硕-计科 362 245.9 77.18 
学硕-计科 373 236.94 76.79 
学硕-计科 350 250.26 76.71 
学硕-计科 371 235.8 76.4 
学硕-计科 358 242.45 76.21 
学硕-计科 369 235.33 76.12 
学硕-计科 359 241.18 76.1 
学硕-计科 349 246.39 75.97 
学硕-计科 376 229.82 75.9 
学硕-计科 348 242.9 75.28 
学硕-计科 352 239.7 75.15 
学硕-计科 353 237.78 74.93 
学硕-计科 358 234.09 74.82 
学硕-计科 356 233.51 74.52 
学硕-计科 355 233.74 74.46 
学硕-计科 373 221.98 74.3 
学硕-软工 394 266.38 83.8 
学硕-软工 378 270.85 82.94 
学硕-软工 374 253.57 79.66 
学硕-软工 379 247.32 79.12 
学硕-软工 394 237.89 79.05 
学硕-软工 369 249.51 78.49 
学硕-软工 348 261.66 78.41 
学硕-软工 360 252.69 78.12 
学硕-软工 379 238.71 77.69 
学硕-软工 358 248.42 77.2 
学硕-软工 362 244.86 77.01 
学硕-软工 359 244.52 76.65 
学硕-软工 353 247.53 76.56 
学硕-软工 360 240.41 76.07 
学硕-软工 349 245.39 75.8 
学硕-软工 376 228.78 75.73 
学硕-软工 363 232.58 75.06 
学硕-网安 383 266.77 82.76 
学硕-网安 371 250.97 78.93 
学硕-网安 381 244.83 78.91 
学硕-网安 355 254.64 77.94 
学硕-网安 365 247.9 77.82 
学硕-网安 370 242.47 77.41 
学硕-网安 347 256.08 77.38 
学硕-网安 358 249.36 77.36 
学硕-网安 368 242.15 77.16 
学硕-网安 361 245.77 77.06 
学硕-网安 351 251.38 77 
学硕-网安 337 255.13 76.22 
学硕-网安 371 228.21 75.14 
学硕-网安 335 249.83 75.14 
学硕-网安 332 250.72 74.99 
学硕-网安 382 212.34 73.59 
专硕-电子信息 395 268.69 84.28 
专硕-电子信息 409 258.18 83.93 
专硕-电子信息 403 260.1 83.65 
专硕-电子信息 390 267.51 83.59 
专硕-电子信息 394 263.05 83.24 
专硕-电子信息 386 266.22 82.97 
专硕-电子信息 378 268.11 82.49 
专硕-电子信息 389 261.41 82.47 
专硕-电子信息 370 271.29 82.22 
专硕-电子信息 396 255.34 82.16 
专硕-电子信息 386 260.46 82.01 
专硕-电子信息 412 244.26 81.91 
专硕-电子信息 394 253.6 81.67 
专硕-电子信息 404 245.81 81.37 
专硕-电子信息 397 249.71 81.32 
专硕-电子信息 385 256.02 81.17 
专硕-电子信息 394 250.13 81.09 
专硕-电子信息 389 252.84 81.04 
专硕-电子信息 390 252.17 81.03 
专硕-电子信息 374 260.56 80.83 
专硕-电子信息 386 252.67 80.71 
专硕-电子信息 394 247.33 80.62 
专硕-电子信息 386 251.19 80.47 
专硕-电子信息 374 257.81 80.37 
专硕-电子信息 371 259.26 80.31 
专硕-电子信息 372 257.4 80.1 
专硕-电子信息 394 242.1 79.75 
专硕-电子信息 381 249 79.6 
专硕-电子信息 376 251.92 79.59 
专硕-电子信息 374 253.05 79.58 
专硕-电子信息 391 242.63 79.54 
专硕-电子信息 380 248.02 79.34 
专硕-电子信息 393 239.96 79.29 
专硕-电子信息 383 245.63 79.24 
专硕-电子信息 379 247.86 79.21 
专硕-电子信息 369 253.4 79.13 
专硕-电子信息 367 254.1 79.05 
专硕-电子信息 361 257.48 79.01 
专硕-电子信息 365 255.01 79 
专硕-电子信息 367 253.6 78.97 
专硕-电子信息 369 251.97 78.9 
专硕-电子信息 366 253.7 78.88 
专硕-电子信息 361 255.7 78.72 
专硕-电子信息 378 245.51 78.72 
专硕-电子信息 365 253.13 78.69 
专硕-电子信息 376 246.29 78.65 
专硕-电子信息 374 247.05 78.58 
专硕-电子信息 358 256.48 78.55 
专硕-电子信息 359 255.7 78.52 
专硕-电子信息 375 245.95 78.49 
专硕-电子信息 367 250.02 78.37 
专硕-电子信息 363 252.03 78.31 
专硕-电子信息 362 252 78.2 
专硕-电子信息 377 242.43 78.11 
专硕-电子信息 364 249.58 78 
专硕-电子信息 367 247.76 77.99 
专硕-电子信息 381 239.2 77.97 
专硕-电子信息 356 253.71 77.89 
专硕-电子信息 375 242.17 77.86 
专硕-电子信息 369 245.52 77.82 
专硕-电子信息 359 251.1 77.75 
专硕-电子信息 357 251.6 77.63 
专硕-电子信息 358 250.91 77.62 
专硕-电子信息 378 238.71 77.59 
专硕-电子信息 380 237.25 77.54 
专硕-电子信息 388 231.94 77.46 
专硕-电子信息 380 236.44 77.41 
专硕-电子信息 367 243.83 77.34 
专硕-电子信息 363 246.1 77.32 
专硕-电子信息 376 237.94 77.26 
专硕-电子信息 370 240.76 77.13 
专硕-电子信息 369 239.73 76.86 
专硕-电子信息 377 234.26 76.74 
专硕-电子信息 389 226.84 76.71