学硕-计算机科学 388 262.09 82.48
学硕-计算机科学 388 257.71 81.75
学硕-计算机科学 371 259.63 80.37
学硕-计算机科学 379 252.53 79.99
学硕-计算机科学 375 254.63 79.94
学硕-计算机科学 371 250.24 78.81
学硕-计算机科学 359 255.29 78.45
学硕-计算机科学 370 241.98 77.33
学硕-计算机科学 349 249.95 76.56
学硕-计算机科学 336 256.92 76.42
学硕-计算机科学 367 236.94 76.19
学硕-计算机科学 334 253.63 75.67
学硕-计算机科学 343 247.95 75.63
学硕-计算机科学 330 253.19 75.2
学硕-计算机科学 350 240.67 75.11
学硕-计算机科学 347 242.47 75.11
学硕-计算机科学 332 249.69 74.82
学硕-计算机科学 339 244.47 74.65
学硕-计算机科学 332 248 74.53
学硕-计算机科学 345 240.09 74.52
学硕-计算机科学 334 246.5 74.48
学硕-计算机科学 367 226.4 74.43
学硕-计算机科学 343 240.27 74.35
学硕-计算机科学 354 232.65 74.18
学硕-计算机科学 337 241.57 73.96
学硕-计算机科学 349 234.04 73.91
学硕-计算机科学 348 233.28 73.68
学硕-计算机科学 341 237.25 73.64
学硕-计算机科学 351 226.93 72.92
学硕-计算机科学 368 214.38 72.53
学硕-软工 374 272.85 82.88
学硕-软工 361 268.87 80.91
学硕-软工 358 262 79.47
学硕-软工 334 269.48 78.31
学硕-软工 366 248.66 78.04
学硕-软工 353 254.19 77.67
学硕-软工 355 253.02 77.67
学硕-软工 330 257.35 75.89
学硕-软工 328 252.7 74.92
学硕-软工 348 239.77 74.76
学硕-软工 346 238.79 74.4
学硕-软工 338 241.11 73.99
学硕-软工 358 227.95 73.79
学硕-软工 348 233.66 73.74
学硕-软工 344 229.73 72.69
学硕-软工 320 238.73 71.79
学硕-软工 319 236.14 71.26
学硕-网安 366 261.04 80.11
学硕-网安 337 264.49 77.78
学硕-网安 334 260.63 76.84
学硕-网安 331 260.55 76.53
学硕-网安 369 237.54 76.49
学硕-网安 355 241.86 75.81
学硕-网安 339 251.06 75.74
学硕-网安 326 258.28 75.65
学硕-网安 336 245.55 74.53
学硕-网安 351 235.36 74.33
学硕-网安 365 226.91 74.32
学硕-网安 337 242.32 74.09
学硕-网安 338 239.3 73.68
学硕-网安 339 229.69 72.18
学硕-网安 326 236.74 72.06
学硕-网安 320 239.58 71.93
学硕-网安 335 227.46 71.41
学硕-网安 317 237.24 71.24
学硕-网安 327 229.26 70.91
学硕-网安 314 226.82 69.2
专硕-计算机技术 402 264.63 84.31
专硕-计算机技术 384 268.18 83.1
专硕-计算机技术 395 256.09 82.18
专硕-计算机技术 374 265.08 81.58
专硕-计算机技术 364 270.95 81.56
专硕-计算机技术 370 258.43 80.07
专硕-计算机技术 364 252.98 78.56
专硕-计算机技术 358 255.09 78.32
专硕-计算机技术 367 247.32 77.92
专硕-计算机技术 360 249.51 77.59
专硕-计算机技术 358 248.38 77.2
专硕-计算机技术 351 251.96 77.09
专硕-计算机技术 365 243.46 77.08
专硕-计算机技术 350 251.14 76.86
专硕-计算机技术 374 233.63 76.34
专硕-计算机技术 359 241.32 76.12
专硕-计算机技术 335 254.02 75.84
专硕-计算机技术 340 250.93 75.82
专硕-计算机技术 344 248.03 75.74
专硕-计算机技术 354 239.11 75.25
专硕-计算机技术 347 242.11 75.05
专硕-计算机技术 331 248.8 74.57
专硕-计算机技术 342 241.77 74.5
专硕-计算机技术 355 232.44 74.24
专硕-计算机技术 335 241.78 73.8
专硕-计算机技术 322 247.44 73.44
专硕-计算机技术 331 241.03 73.27
专硕-计算机技术 331 240.5 73.18
专硕-计算机技术 326 243.32 73.15
专硕-计算机技术 335 236.71 72.95
专硕-计算机技术 330 239.45 72.91
专硕-计算机技术 336 235.42 72.84
专硕-计算机技术 325 241.46 72.74
专硕-计算机技术 332 237.07 72.71
专硕-计算机技术 322 242.77 72.66
专硕-计算机技术 329 237.28 72.45
专硕-计算机技术 326 236.74 72.06
专硕-计算机技术 320 239.94 71.99
专硕-计算机技术 319 238.44 71.64
专硕-计算机技术 340 223.75 71.29
专硕-计算机技术 312 240.46 71.28
专硕-计算机技术 317 230.11 70.05
专硕-计算机技术 321 227.58 70.03
专硕-软工 393 264.62 83.4
专硕-软工 364 250.1 78.08
专硕-软工 361 250.76 77.89
专硕-软工 393 231.47 77.88
专硕-软工 358 249.9 77.45
专硕-软工 361 246.67 77.21
专硕-软工 354 249.19 76.93
专硕-软工 346 253.23 76.81
专硕-软工 351 246.76 76.23
专硕-软工 331 256.21 75.8
专硕-软工 338 246.73 74.92
专硕-软工 337 247.06 74.88
专硕-软工 362 231.4 74.77
专硕-软工 326 248.02 73.94
专硕-软工 335 242.07 73.85
专硕-软工 331 243.02 73.6
专硕-软工 340 237.37 73.56
专硕-软工 326 240.61 72.7
专硕-软工 324 241.67 72.68
专硕-软工 320 240.6 72.1
专硕-软工 329 234.43 71.97
专硕-软工 316 238.95 71.43
专硕-软工 337 225.84 71.34
专硕-软工 307 242.63 71.14
专硕-软工 340 216.81 70.14
专硕-软工 311 223.02 68.27
专硕-网安 393 270.75 84.43
专硕-网安 347 265.57 78.96
专硕-网安 379 246.32 78.95
专硕-网安 380 245.21 78.87
专硕-网安 367 243.61 77.3
专硕-网安 360 238.73 75.79
专硕-网安 349 243.49 75.48
专硕-网安 331 251.14 74.96
专硕-网安 340 240.46 74.08
专硕-网安 316 251.98 73.6
专硕-网安 328 241.35 73.03
专硕-网安 313 249.44 72.87
专硕-网安 317 246.7 72.82
专硕-网安 354 220.79 72.2
专硕-网安 329 229.2 71.1
专硕-网安 340 215.39 69.9
专硕-网安 304 236.54 69.82
专硕-网安 320 226.62 69.77
专硕-网安 362 199.91 69.52
专硕-网安 303 235.11 69.49
专硕-网安 330 218.4 69.4
专硕-网安 298 235.81 69.1
专硕-网安 307 227.4 68.6